[ipconfig]
ip = 192.168.192.20
port = 10003

[AGV_Config]
agv_ip = 192.168.192.5
agv_navigation_port = 19206
agv_push = 19301

[Camera_Config]
visible_light_ip = 192.168.192.12
visible_light_port = 8000
visible_light_user = admin
visible_light_pwd = hkdq8888

thermal_imagery_ip = 192.168.192.11
thermal_imagery_port = 8000
thermal_imagery_user = admin
thermal_imagery_pwd = hkdq8888

[Robot_Config]
navigation_angle = [0.000,110.889,148.226,0.000,-128.992,-203.506]
light_switch_coord = [-358.194,62.223,768.986,-90.014,65.843,0.00]
stored_energy_coord = [-358.194,62.223,768.986,-90.014,65.843,0.00]
restoration_coord = [-42.562,62.989,772.483,-90.00,65.00,0.00]
charged_displayer_coord = [-248.876,52.262,761.315,-90.014,65.843,0.00]
longRange_locally_coord = [-237.738, 44.522, 893.119, -90.00, 65.00, 0.00]
longRange_locally_coord2 = [-299.098, -27.361, 889.822, -90.00, 65.00, 90.00]
divideShut_brake_coord = [-237.738, 44.522, 893.119, -90.00, 65.00, 0.00]
Ck_device_coord = [10.828,22.844,971.415,-90.00,65.00,0.00]
breaker_coord = [-427.20,14.298,-106.13,-90.00,65.00,0.00]
grounding_distance = [0,0,0]

light_switch_m = [[ 2.49111731e-01  1.35573114e-02 -5.26415725e+02]
 [ 1.47742856e-03 -2.84182036e-01  8.85189967e+02]]
restoration_m = [[ 2.74981957e-01  3.31512018e-02 -1.12851984e+02]
 [-3.74583991e-06 -2.76563795e-01  8.92274741e+02]]
stored_energy_m = [[ 2.49111731e-01  1.35573114e-02 -5.26415725e+02]
 [ 1.47742856e-03 -2.84182036e-01  8.85189967e+02]]
charged_displayer_m = [[ 2.57803079e-01  3.34652905e-02 -3.11330468e+02]
 [-6.17856112e-02 -2.07141232e-01  8.81300067e+02]]
longRange_locally_m = [[ 2.81195033e-01 -4.05925025e-02 -3.53667003e+02]
 [ 2.23409278e-03 -3.16124129e-01  1.01723945e+03]]
longRange_locally_m2 = [[ 3.65078087e-01 -4.60666777e-02 -1.64863836e+02]
 [-6.90496489e-03 -3.43360806e-01  1.02327049e+03]]
divideShut_brake_m = [[ 2.81195033e-01 -4.05925025e-02 -3.53667003e+02]
 [ 2.23409278e-03 -3.16124129e-01  1.01723945e+03]]
CK_device_m = [[ 1.23573598e-01 -4.09809332e-01  2.53584583e+01]
 [ 4.20603346e-01  5.18903915e-01  8.34183408e+02]]
grounding_m = [[ 5.45185886e-01  1.33062499e-01 -1.30666532e+02]
	[ 2.82757346e-01  3.51136574e-02  1.99039433e+02]]
breaker_m = [[ 3.08151732e-01  3.02831702e-04 -5.50260195e+02]
 [ 1.80817138e-02 -3.02187691e-01 -9.29738329e+01]]
grounding_distance_m = [[-8.34474660e+00 -3.96700140e-02  6.85343915e+03]
 [ 1.32679211e-01  8.58616391e+00 -2.82560110.889508e+03]]